schema=vllm-26b-a4b-nvfp4-subband-calib-sweep/v1
model=google/gemma-4-26B-A4B-it
ctx=8185
prefix=4096
max_model_len=8192
max_num_batched_tokens=4096
gpu_memory_utilization=0.82
e0_sliding=0 1 2 3 4
e1_sliding=6 7 8 9 10
m0_sliding=12 13 14 15 16
m1_sliding=18 19 20 21 22
late_sliding_base_only=24 25 26 27 28
device=NVIDIA RTX PRO 6000 Blackwell Max-Q Workstation Edition
capability=(12, 0)
candidates=replay_k100_v08|0.07,0.05,0.07,0.05|0.100,0.080|0.100,0.080|0.100,0.080|0.100,0.080;k102_v08|0.07,0.05,0.07,0.05|0.102,0.080|0.102,0.080|0.102,0.080|0.102,0.080;k103_v08|0.07,0.05,0.07,0.05|0.103,0.080|0.103,0.080|0.103,0.080|0.103,0.080;k104_v08|0.07,0.05,0.07,0.05|0.104,0.080|0.104,0.080|0.104,0.080|0.104,0.080;k105_v08|0.07,0.05,0.07,0.05|0.105,0.080|0.105,0.080|0.105,0.080|0.105,0.080;k106_v08|0.07,0.05,0.07,0.05|0.106,0.080|0.106,0.080|0.106,0.080|0.106,0.080;k108_v08|0.07,0.05,0.07,0.05|0.108,0.080|0.108,0.080|0.108,0.080|0.108,0.080;replay_k110_v08|0.07,0.05,0.07,0.05|0.110,0.080|0.110,0.080|0.110,0.080|0.110,0.080
bf16_nll=7.933360410453398
