schema=vllm-26b-a4b-nvfp4-subband-calib-sweep/v1
model=google/gemma-4-26B-A4B-it
ctx=8185
prefix=4096
max_model_len=8192
max_num_batched_tokens=4096
gpu_memory_utilization=0.82
e0_sliding=0 1 2 3 4
e1_sliding=6 7 8 9 10
m0_sliding=12 13 14 15 16
m1_sliding=18 19 20 21 22
late_sliding_base_only=24 25 26 27 28
device=NVIDIA RTX PRO 6000 Blackwell Max-Q Workstation Edition
capability=(12, 0)
candidates=all_four_high|0.07,0.05,0.07,0.05|0.10,0.08|0.10,0.08|0.10,0.08|0.10,0.08;e0_only|0.07,0.05,0.07,0.05|0.10,0.08|NA|NA|NA;e1_only|0.07,0.05,0.07,0.05|NA|0.10,0.08|NA|NA;m0_only|0.07,0.05,0.07,0.05|NA|NA|0.10,0.08|NA;m1_only|0.07,0.05,0.07,0.05|NA|NA|NA|0.10,0.08;e0_e1|0.07,0.05,0.07,0.05|0.10,0.08|0.10,0.08|NA|NA;m0_m1|0.07,0.05,0.07,0.05|NA|NA|0.10,0.08|0.10,0.08;e0_m0|0.07,0.05,0.07,0.05|0.10,0.08|NA|0.10,0.08|NA;e0_m1|0.07,0.05,0.07,0.05|0.10,0.08|NA|NA|0.10,0.08;e1_m0|0.07,0.05,0.07,0.05|NA|0.10,0.08|0.10,0.08|NA;e1_m1|0.07,0.05,0.07,0.05|NA|0.10,0.08|NA|0.10,0.08;drop_e0|0.07,0.05,0.07,0.05|NA|0.10,0.08|0.10,0.08|0.10,0.08;drop_e1|0.07,0.05,0.07,0.05|0.10,0.08|NA|0.10,0.08|0.10,0.08;drop_m0|0.07,0.05,0.07,0.05|0.10,0.08|0.10,0.08|NA|0.10,0.08;drop_m1|0.07,0.05,0.07,0.05|0.10,0.08|0.10,0.08|0.10,0.08|NA;all_four_k10_v07|0.07,0.05,0.07,0.05|0.10,0.07|0.10,0.07|0.10,0.07|0.10,0.07;all_four_k10_v09|0.07,0.05,0.07,0.05|0.10,0.09|0.10,0.09|0.10,0.09|0.10,0.09;all_four_k09_v08|0.07,0.05,0.07,0.05|0.09,0.08|0.09,0.08|0.09,0.08|0.09,0.08;all_four_k11_v08|0.07,0.05,0.07,0.05|0.11,0.08|0.11,0.08|0.11,0.08|0.11,0.08
bf16_nll=7.933360410453398
